id

708663860970979328
708658476051009537
708650322181263360
708649070730981376
708648886252867585
708647817921703938
708646938627821573
708646765432406016
708333722362228738
708291948839174144
708274462056034304
708274403918741504
708225950899507200
708217259362099200
708189812667211776
708133331787853824
707933028928983040
707909793957023744
707907599530729473
707725003014283265
708649070730981376
708649070730981376
708647817921703938
708646938627821573
708646765432406016
708635359257579521
708291101392654336
708221221653979136
708217259362099200
708133331787853824
707933028928983040
707725003014283265
707493421091409920
707485976075960320
707481082753454080
706980599366426624
